Case #1: Possible
997 1 
997 1 
Case #2: Possible
902 1 1 1 1 1 1 1 1 1 1 1 1 1 1 1 1 1 1 1 1 1 1 1 1 1 1 1 1 1 1 1 1 1 1 1 1 1 1 1 1 1 1 1 1 1 1 1 1 1 
912 912 912 912 912 912 912 912 912 912 912 912 912 912 912 912 912 912 912 912 912 912 912 912 912 912 912 912 912 912 912 912 912 912 912 912 912 912 912 912 912 912 912 912 912 912 912 912 912 1 
912 912 912 912 912 912 912 912 912 912 912 912 912 912 912 912 912 912 912 912 912 912 912 912 912 912 912 912 912 912 912 912 912 912 912 912 912 912 912 912 912 912 912 912 912 912 912 912 912 1 
912 912 912 912 912 912 912 912 912 912 912 912 912 912 912 912 912 912 912 912 912 912 912 912 912 912 912 912 912 912 912 912 912 912 912 912 912 912 912 912 912 912 912 912 912 912 912 912 912 1 
912 912 912 912 912 912 912 912 912 912 912 912 912 912 912 912 912 912 912 912 912 912 912 912 912 912 912 912 912 912 912 912 912 912 912 912 912 912 912 912 912 912 912 912 912 912 912 912 912 1 
912 912 912 912 912 912 912 912 912 912 912 912 912 912 912 912 912 912 912 912 912 912 912 912 912 912 912 912 912 912 912 912 912 912 912 912 912 912 912 912 912 912 912 912 912 912 912 912 912 1 
912 912 912 912 912 912 912 912 912 912 912 912 912 912 912 912 912 912 912 912 912 912 912 912 912 912 912 912 912 912 912 912 912 912 912 912 912 912 912 912 912 912 912 912 912 912 912 912 912 1 
912 912 912 912 912 912 912 912 912 912 912 912 912 912 912 912 912 912 912 912 912 912 912 912 912 912 912 912 912 912 912 912 912 912 912 912 912 912 912 912 912 912 912 912 912 912 912 912 912 1 
912 912 912 912 912 912 912 912 912 912 912 912 912 912 912 912 912 912 912 912 912 912 912 912 912 912 912 912 912 912 912 912 912 912 912 912 912 912 912 912 912 912 912 912 912 912 912 912 912 1 
912 912 912 912 912 912 912 912 912 912 912 912 912 912 912 912 912 912 912 912 912 912 912 912 912 912 912 912 912 912 912 912 912 912 912 912 912 912 912 912 912 912 912 912 912 912 912 912 912 1 
912 912 912 912 912 912 912 912 912 912 912 912 912 912 912 912 912 912 912 912 912 912 912 912 912 912 912 912 912 912 912 912 912 912 912 912 912 912 912 912 912 912 912 912 912 912 912 912 912 1 
912 912 912 912 912 912 912 912 912 912 912 912 912 912 912 912 912 912 912 912 912 912 912 912 912 912 912 912 912 912 912 912 912 912 912 912 912 912 912 912 912 912 912 912 912 912 912 912 912 1 
912 912 912 912 912 912 912 912 912 912 912 912 912 912 912 912 912 912 912 912 912 912 912 912 912 912 912 912 912 912 912 912 912 912 912 912 912 912 912 912 912 912 912 912 912 912 912 912 912 1 
912 912 912 912 912 912 912 912 912 912 912 912 912 912 912 912 912 912 912 912 912 912 912 912 912 912 912 912 912 912 912 912 912 912 912 912 912 912 912 912 912 912 912 912 912 912 912 912 912 1 
912 912 912 912 912 912 912 912 912 912 912 912 912 912 912 912 912 912 912 912 912 912 912 912 912 912 912 912 912 912 912 912 912 912 912 912 912 912 912 912 912 912 912 912 912 912 912 912 912 1 
912 912 912 912 912 912 912 912 912 912 912 912 912 912 912 912 912 912 912 912 912 912 912 912 912 912 912 912 912 912 912 912 912 912 912 912 912 912 912 912 912 912 912 912 912 912 912 912 912 1 
912 912 912 912 912 912 912 912 912 912 912 912 912 912 912 912 912 912 912 912 912 912 912 912 912 912 912 912 912 912 912 912 912 912 912 912 912 912 912 912 912 912 912 912 912 912 912 912 912 1 
912 912 912 912 912 912 912 912 912 912 912 912 912 912 912 912 912 912 912 912 912 912 912 912 912 912 912 912 912 912 912 912 912 912 912 912 912 912 912 912 912 912 912 912 912 912 912 912 912 1 
912 912 912 912 912 912 912 912 912 912 912 912 912 912 912 912 912 912 912 912 912 912 912 912 912 912 912 912 912 912 912 912 912 912 912 912 912 912 912 912 912 912 912 912 912 912 912 912 912 1 
912 912 912 912 912 912 912 912 912 912 912 912 912 912 912 912 912 912 912 912 912 912 912 912 912 912 912 912 912 912 912 912 912 912 912 912 912 912 912 912 912 912 912 912 912 912 912 912 912 1 
912 912 912 912 912 912 912 912 912 912 912 912 912 912 912 912 912 912 912 912 912 912 912 912 912 912 912 912 912 912 912 912 912 912 912 912 912 912 912 912 912 912 912 912 912 912 912 912 912 1 
912 912 912 912 912 912 912 912 912 912 912 912 912 912 912 912 912 912 912 912 912 912 912 912 912 912 912 912 912 912 912 912 912 912 912 912 912 912 912 912 912 912 912 912 912 912 912 912 912 1 
912 912 912 912 912 912 912 912 912 912 912 912 912 912 912 912 912 912 912 912 912 912 912 912 912 912 912 912 912 912 912 912 912 912 912 912 912 912 912 912 912 912 912 912 912 912 912 912 912 1 
912 912 912 912 912 912 912 912 912 912 912 912 912 912 912 912 912 912 912 912 912 912 912 912 912 912 912 912 912 912 912 912 912 912 912 912 912 912 912 912 912 912 912 912 912 912 912 912 912 1 
912 912 912 912 912 912 912 912 912 912 912 912 912 912 912 912 912 912 912 912 912 912 912 912 912 912 912 912 912 912 912 912 912 912 912 912 912 912 912 912 912 912 912 912 912 912 912 912 912 1 
912 912 912 912 912 912 912 912 912 912 912 912 912 912 912 912 912 912 912 912 912 912 912 912 912 912 912 912 912 912 912 912 912 912 912 912 912 912 912 912 912 912 912 912 912 912 912 912 912 1 
912 912 912 912 912 912 912 912 912 912 912 912 912 912 912 912 912 912 912 912 912 912 912 912 912 912 912 912 912 912 912 912 912 912 912 912 912 912 912 912 912 912 912 912 912 912 912 912 912 1 
912 912 912 912 912 912 912 912 912 912 912 912 912 912 912 912 912 912 912 912 912 912 912 912 912 912 912 912 912 912 912 912 912 912 912 912 912 912 912 912 912 912 912 912 912 912 912 912 912 1 
912 912 912 912 912 912 912 912 912 912 912 912 912 912 912 912 912 912 912 912 912 912 912 912 912 912 912 912 912 912 912 912 912 912 912 912 912 912 912 912 912 912 912 912 912 912 912 912 912 1 
912 912 912 912 912 912 912 912 912 912 912 912 912 912 912 912 912 912 912 912 912 912 912 912 912 912 912 912 912 912 912 912 912 912 912 912 912 912 912 912 912 912 912 912 912 912 912 912 912 1 
912 912 912 912 912 912 912 912 912 912 912 912 912 912 912 912 912 912 912 912 912 912 912 912 912 912 912 912 912 912 912 912 912 912 912 912 912 912 912 912 912 912 912 912 912 912 912 912 912 1 
912 912 912 912 912 912 912 912 912 912 912 912 912 912 912 912 912 912 912 912 912 912 912 912 912 912 912 912 912 912 912 912 912 912 912 912 912 912 912 912 912 912 912 912 912 912 912 912 912 1 
912 912 912 912 912 912 912 912 912 912 912 912 912 912 912 912 912 912 912 912 912 912 912 912 912 912 912 912 912 912 912 912 912 912 912 912 912 912 912 912 912 912 912 912 912 912 912 912 912 1 
912 912 912 912 912 912 912 912 912 912 912 912 912 912 912 912 912 912 912 912 912 912 912 912 912 912 912 912 912 912 912 912 912 912 912 912 912 912 912 912 912 912 912 912 912 912 912 912 912 1 
912 912 912 912 912 912 912 912 912 912 912 912 912 912 912 912 912 912 912 912 912 912 912 912 912 912 912 912 912 912 912 912 912 912 912 912 912 912 912 912 912 912 912 912 912 912 912 912 912 1 
912 912 912 912 912 912 912 912 912 912 912 912 912 912 912 912 912 912 912 912 912 912 912 912 912 912 912 912 912 912 912 912 912 912 912 912 912 912 912 912 912 912 912 912 912 912 912 912 912 1 
912 912 912 912 912 912 912 912 912 912 912 912 912 912 912 912 912 912 912 912 912 912 912 912 912 912 912 912 912 912 912 912 912 912 912 912 912 912 912 912 912 912 912 912 912 912 912 912 912 1 
912 912 912 912 912 912 912 912 912 912 912 912 912 912 912 912 912 912 912 912 912 912 912 912 912 912 912 912 912 912 912 912 912 912 912 912 912 912 912 912 912 912 912 912 912 912 912 912 912 1 
912 912 912 912 912 912 912 912 912 912 912 912 912 912 912 912 912 912 912 912 912 912 912 912 912 912 912 912 912 912 912 912 912 912 912 912 912 912 912 912 912 912 912 912 912 912 912 912 912 1 
912 912 912 912 912 912 912 912 912 912 912 912 912 912 912 912 912 912 912 912 912 912 912 912 912 912 912 912 912 912 912 912 912 912 912 912 912 912 912 912 912 912 912 912 912 912 912 912 912 1 
912 912 912 912 912 912 912 912 912 912 912 912 912 912 912 912 912 912 912 912 912 912 912 912 912 912 912 912 912 912 912 912 912 912 912 912 912 912 912 912 912 912 912 912 912 912 912 912 912 1 
912 912 912 912 912 912 912 912 912 912 912 912 912 912 912 912 912 912 912 912 912 912 912 912 912 912 912 912 912 912 912 912 912 912 912 912 912 912 912 912 912 912 912 912 912 912 912 912 912 1 
912 912 912 912 912 912 912 912 912 912 912 912 912 912 912 912 912 912 912 912 912 912 912 912 912 912 912 912 912 912 912 912 912 912 912 912 912 912 912 912 912 912 912 912 912 912 912 912 912 1 
912 912 912 912 912 912 912 912 912 912 912 912 912 912 912 912 912 912 912 912 912 912 912 912 912 912 912 912 912 912 912 912 912 912 912 912 912 912 912 912 912 912 912 912 912 912 912 912 912 1 
912 912 912 912 912 912 912 912 912 912 912 912 912 912 912 912 912 912 912 912 912 912 912 912 912 912 912 912 912 912 912 912 912 912 912 912 912 912 912 912 912 912 912 912 912 912 912 912 912 1 
912 912 912 912 912 912 912 912 912 912 912 912 912 912 912 912 912 912 912 912 912 912 912 912 912 912 912 912 912 912 912 912 912 912 912 912 912 912 912 912 912 912 912 912 912 912 912 912 912 1 
912 912 912 912 912 912 912 912 912 912 912 912 912 912 912 912 912 912 912 912 912 912 912 912 912 912 912 912 912 912 912 912 912 912 912 912 912 912 912 912 912 912 912 912 912 912 912 912 912 1 
912 912 912 912 912 912 912 912 912 912 912 912 912 912 912 912 912 912 912 912 912 912 912 912 912 912 912 912 912 912 912 912 912 912 912 912 912 912 912 912 912 912 912 912 912 912 912 912 912 1 
912 912 912 912 912 912 912 912 912 912 912 912 912 912 912 912 912 912 912 912 912 912 912 912 912 912 912 912 912 912 912 912 912 912 912 912 912 912 912 912 912 912 912 912 912 912 912 912 912 1 
902 1 1 1 1 1 1 1 1 1 1 1 1 1 1 1 1 1 1 1 1 1 1 1 1 1 1 1 1 1 1 1 1 1 1 1 1 1 1 1 1 1 1 1 1 1 1 1 1 1 
Case #3: Possible
62 1 1 1 1 1 1 1 1 1 1 1 1 1 1 1 1 1 1 1 
172 172 172 172 172 172 172 172 172 172 172 172 172 172 172 172 172 172 172 1 
172 172 172 172 172 172 172 172 172 172 172 172 172 172 172 172 172 172 172 1 
172 172 172 172 172 172 172 172 172 172 172 172 172 172 172 172 172 172 172 1 
172 172 172 172 172 172 172 172 172 172 172 172 172 172 172 172 172 172 172 1 
172 172 172 172 172 172 172 172 172 172 172 172 172 172 172 172 172 172 172 1 
172 172 172 172 172 172 172 172 172 172 172 172 172 172 172 172 172 172 172 1 
172 172 172 172 172 172 172 172 172 172 172 172 172 172 172 172 172 172 172 1 
172 172 172 172 172 172 172 172 172 172 172 172 172 172 172 172 172 172 172 1 
172 172 172 172 172 172 172 172 172 172 172 172 172 172 172 172 172 172 172 1 
172 172 172 172 172 172 172 172 172 172 172 172 172 172 172 172 172 172 172 1 
172 172 172 172 172 172 172 172 172 172 172 172 172 172 172 172 172 172 172 1 
172 172 172 172 172 172 172 172 172 172 172 172 172 172 172 172 172 172 172 1 
172 172 172 172 172 172 172 172 172 172 172 172 172 172 172 172 172 172 172 1 
172 172 172 172 172 172 172 172 172 172 172 172 172 172 172 172 172 172 172 1 
172 172 172 172 172 172 172 172 172 172 172 172 172 172 172 172 172 172 172 1 
172 172 172 172 172 172 172 172 172 172 172 172 172 172 172 172 172 172 172 1 
172 172 172 172 172 172 172 172 172 172 172 172 172 172 172 172 172 172 172 1 
172 172 172 172 172 172 172 172 172 172 172 172 172 172 172 172 172 172 172 1 
162 1 1 1 1 1 1 1 1 1 1 1 1 1 1 1 1 1 1 1 
Case #4: Impossible
Case #5: Possible
213 1 1 1 1 1 1 1 1 1 1 1 1 1 1 1 1 1 1 1 1 1 
223 223 223 223 223 223 223 223 223 223 223 223 223 223 223 223 223 223 223 223 223 1 
223 223 223 223 223 223 223 223 223 223 223 223 223 223 223 223 223 223 223 223 223 1 
93 1 1 1 1 1 1 1 1 1 1 1 1 1 1 1 1 1 1 1 1 1 
Case #6: Possible
316 1 1 1 1 1 1 1 1 1 1 1 
326 326 326 326 326 326 326 326 326 326 326 1 
326 326 326 326 326 326 326 326 326 326 326 1 
326 326 326 326 326 326 326 326 326 326 326 1 
326 326 326 326 326 326 326 326 326 326 326 1 
326 326 326 326 326 326 326 326 326 326 326 1 
326 326 326 326 326 326 326 326 326 326 326 1 
326 326 326 326 326 326 326 326 326 326 326 1 
326 326 326 326 326 326 326 326 326 326 326 1 
326 326 326 326 326 326 326 326 326 326 326 1 
326 326 326 326 326 326 326 326 326 326 326 1 
326 326 326 326 326 326 326 326 326 326 326 1 
326 326 326 326 326 326 326 326 326 326 326 1 
326 326 326 326 326 326 326 326 326 326 326 1 
326 326 326 326 326 326 326 326 326 326 326 1 
326 326 326 326 326 326 326 326 326 326 326 1 
29 1 1 1 1 1 1 1 1 1 1 1 
Case #7: Possible
1 1 
998 1 
Case #8: Possible
1 1 
1 1 
Case #9: Possible
428 1 1 1 1 1 1 1 
438 438 438 438 438 438 438 1 
438 438 438 438 438 438 438 1 
438 438 438 438 438 438 438 1 
438 438 438 438 438 438 438 1 
438 438 438 438 438 438 438 1 
438 438 438 438 438 438 438 1 
438 438 438 438 438 438 438 1 
438 438 438 438 438 438 438 1 
438 438 438 438 438 438 438 1 
438 438 438 438 438 438 438 1 
438 438 438 438 438 438 438 1 
438 438 438 438 438 438 438 1 
438 438 438 438 438 438 438 1 
438 438 438 438 438 438 438 1 
438 438 438 438 438 438 438 1 
438 438 438 438 438 438 438 1 
438 438 438 438 438 438 438 1 
438 438 438 438 438 438 438 1 
438 438 438 438 438 438 438 1 
438 438 438 438 438 438 438 1 
438 438 438 438 438 438 438 1 
438 438 438 438 438 438 438 1 
438 438 438 438 438 438 438 1 
438 438 438 438 438 438 438 1 
438 438 438 438 438 438 438 1 
438 438 438 438 438 438 438 1 
438 438 438 438 438 438 438 1 
438 438 438 438 438 438 438 1 
438 438 438 438 438 438 438 1 
438 438 438 438 438 438 438 1 
438 438 438 438 438 438 438 1 
438 438 438 438 438 438 438 1 
438 438 438 438 438 438 438 1 
438 438 438 438 438 438 438 1 
438 438 438 438 438 438 438 1 
438 438 438 438 438 438 438 1 
438 438 438 438 438 438 438 1 
438 438 438 438 438 438 438 1 
438 438 438 438 438 438 438 1 
438 438 438 438 438 438 438 1 
438 438 438 438 438 438 438 1 
438 438 438 438 438 438 438 1 
438 438 438 438 438 438 438 1 
438 438 438 438 438 438 438 1 
438 438 438 438 438 438 438 1 
438 438 438 438 438 438 438 1 
438 438 438 438 438 438 438 1 
438 438 438 438 438 438 438 1 
202 1 1 1 1 1 1 1 
Case #10: Possible
181 1 1 1 
215 215 215 1 
215 215 215 1 
205 1 1 1 
Case #11: Possible
250 1 1 1 1 1 1 1 1 1 1 1 1 1 1 1 1 1 1 1 1 1 1 1 1 1 1 1 1 1 1 1 1 1 1 1 1 1 1 1 1 1 1 1 1 1 1 1 1 1 
10 1 1 1 1 1 1 1 1 1 1 1 1 1 1 1 1 1 1 1 1 1 1 1 1 1 1 1 1 1 1 1 1 1 1 1 1 1 1 1 1 1 1 1 1 1 1 1 1 1 
Case #12: Impossible
Case #13: Possible
165 1 1 1 1 1 1 1 1 1 1 1 1 1 1 1 1 1 1 1 1 1 1 1 1 1 1 1 1 1 1 
187 187 187 187 187 187 187 187 187 187 187 187 187 187 187 187 187 187 187 187 187 187 187 187 187 187 187 187 187 187 1 
187 187 187 187 187 187 187 187 187 187 187 187 187 187 187 187 187 187 187 187 187 187 187 187 187 187 187 187 187 187 1 
177 1 1 1 1 1 1 1 1 1 1 1 1 1 1 1 1 1 1 1 1 1 1 1 1 1 1 1 1 1 1 
Case #14: Possible
4 1 1 1 1 1 1 1 1 1 1 1 1 1 1 
27 27 27 27 27 27 27 27 27 27 27 27 27 27 1 
27 27 27 27 27 27 27 27 27 27 27 27 27 27 1 
27 27 27 27 27 27 27 27 27 27 27 27 27 27 1 
17 1 1 1 1 1 1 1 1 1 1 1 1 1 1 
Case #15: Possible
102 1 1 1 1 1 1 1 1 1 1 1 1 1 1 1 1 1 1 1 1 1 1 1 1 1 1 1 1 1 1 1 1 1 1 1 1 1 1 1 1 1 1 1 1 1 1 1 1 1 
812 812 812 812 812 812 812 812 812 812 812 812 812 812 812 812 812 812 812 812 812 812 812 812 812 812 812 812 812 812 812 812 812 812 812 812 812 812 812 812 812 812 812 812 812 812 812 812 812 1 
812 812 812 812 812 812 812 812 812 812 812 812 812 812 812 812 812 812 812 812 812 812 812 812 812 812 812 812 812 812 812 812 812 812 812 812 812 812 812 812 812 812 812 812 812 812 812 812 812 1 
812 812 812 812 812 812 812 812 812 812 812 812 812 812 812 812 812 812 812 812 812 812 812 812 812 812 812 812 812 812 812 812 812 812 812 812 812 812 812 812 812 812 812 812 812 812 812 812 812 1 
812 812 812 812 812 812 812 812 812 812 812 812 812 812 812 812 812 812 812 812 812 812 812 812 812 812 812 812 812 812 812 812 812 812 812 812 812 812 812 812 812 812 812 812 812 812 812 812 812 1 
812 812 812 812 812 812 812 812 812 812 812 812 812 812 812 812 812 812 812 812 812 812 812 812 812 812 812 812 812 812 812 812 812 812 812 812 812 812 812 812 812 812 812 812 812 812 812 812 812 1 
812 812 812 812 812 812 812 812 812 812 812 812 812 812 812 812 812 812 812 812 812 812 812 812 812 812 812 812 812 812 812 812 812 812 812 812 812 812 812 812 812 812 812 812 812 812 812 812 812 1 
812 812 812 812 812 812 812 812 812 812 812 812 812 812 812 812 812 812 812 812 812 812 812 812 812 812 812 812 812 812 812 812 812 812 812 812 812 812 812 812 812 812 812 812 812 812 812 812 812 1 
812 812 812 812 812 812 812 812 812 812 812 812 812 812 812 812 812 812 812 812 812 812 812 812 812 812 812 812 812 812 812 812 812 812 812 812 812 812 812 812 812 812 812 812 812 812 812 812 812 1 
812 812 812 812 812 812 812 812 812 812 812 812 812 812 812 812 812 812 812 812 812 812 812 812 812 812 812 812 812 812 812 812 812 812 812 812 812 812 812 812 812 812 812 812 812 812 812 812 812 1 
812 812 812 812 812 812 812 812 812 812 812 812 812 812 812 812 812 812 812 812 812 812 812 812 812 812 812 812 812 812 812 812 812 812 812 812 812 812 812 812 812 812 812 812 812 812 812 812 812 1 
812 812 812 812 812 812 812 812 812 812 812 812 812 812 812 812 812 812 812 812 812 812 812 812 812 812 812 812 812 812 812 812 812 812 812 812 812 812 812 812 812 812 812 812 812 812 812 812 812 1 
812 812 812 812 812 812 812 812 812 812 812 812 812 812 812 812 812 812 812 812 812 812 812 812 812 812 812 812 812 812 812 812 812 812 812 812 812 812 812 812 812 812 812 812 812 812 812 812 812 1 
812 812 812 812 812 812 812 812 812 812 812 812 812 812 812 812 812 812 812 812 812 812 812 812 812 812 812 812 812 812 812 812 812 812 812 812 812 812 812 812 812 812 812 812 812 812 812 812 812 1 
812 812 812 812 812 812 812 812 812 812 812 812 812 812 812 812 812 812 812 812 812 812 812 812 812 812 812 812 812 812 812 812 812 812 812 812 812 812 812 812 812 812 812 812 812 812 812 812 812 1 
812 812 812 812 812 812 812 812 812 812 812 812 812 812 812 812 812 812 812 812 812 812 812 812 812 812 812 812 812 812 812 812 812 812 812 812 812 812 812 812 812 812 812 812 812 812 812 812 812 1 
812 812 812 812 812 812 812 812 812 812 812 812 812 812 812 812 812 812 812 812 812 812 812 812 812 812 812 812 812 812 812 812 812 812 812 812 812 812 812 812 812 812 812 812 812 812 812 812 812 1 
812 812 812 812 812 812 812 812 812 812 812 812 812 812 812 812 812 812 812 812 812 812 812 812 812 812 812 812 812 812 812 812 812 812 812 812 812 812 812 812 812 812 812 812 812 812 812 812 812 1 
812 812 812 812 812 812 812 812 812 812 812 812 812 812 812 812 812 812 812 812 812 812 812 812 812 812 812 812 812 812 812 812 812 812 812 812 812 812 812 812 812 812 812 812 812 812 812 812 812 1 
812 812 812 812 812 812 812 812 812 812 812 812 812 812 812 812 812 812 812 812 812 812 812 812 812 812 812 812 812 812 812 812 812 812 812 812 812 812 812 812 812 812 812 812 812 812 812 812 812 1 
812 812 812 812 812 812 812 812 812 812 812 812 812 812 812 812 812 812 812 812 812 812 812 812 812 812 812 812 812 812 812 812 812 812 812 812 812 812 812 812 812 812 812 812 812 812 812 812 812 1 
812 812 812 812 812 812 812 812 812 812 812 812 812 812 812 812 812 812 812 812 812 812 812 812 812 812 812 812 812 812 812 812 812 812 812 812 812 812 812 812 812 812 812 812 812 812 812 812 812 1 
812 812 812 812 812 812 812 812 812 812 812 812 812 812 812 812 812 812 812 812 812 812 812 812 812 812 812 812 812 812 812 812 812 812 812 812 812 812 812 812 812 812 812 812 812 812 812 812 812 1 
812 812 812 812 812 812 812 812 812 812 812 812 812 812 812 812 812 812 812 812 812 812 812 812 812 812 812 812 812 812 812 812 812 812 812 812 812 812 812 812 812 812 812 812 812 812 812 812 812 1 
812 812 812 812 812 812 812 812 812 812 812 812 812 812 812 812 812 812 812 812 812 812 812 812 812 812 812 812 812 812 812 812 812 812 812 812 812 812 812 812 812 812 812 812 812 812 812 812 812 1 
812 812 812 812 812 812 812 812 812 812 812 812 812 812 812 812 812 812 812 812 812 812 812 812 812 812 812 812 812 812 812 812 812 812 812 812 812 812 812 812 812 812 812 812 812 812 812 812 812 1 
812 812 812 812 812 812 812 812 812 812 812 812 812 812 812 812 812 812 812 812 812 812 812 812 812 812 812 812 812 812 812 812 812 812 812 812 812 812 812 812 812 812 812 812 812 812 812 812 812 1 
812 812 812 812 812 812 812 812 812 812 812 812 812 812 812 812 812 812 812 812 812 812 812 812 812 812 812 812 812 812 812 812 812 812 812 812 812 812 812 812 812 812 812 812 812 812 812 812 812 1 
812 812 812 812 812 812 812 812 812 812 812 812 812 812 812 812 812 812 812 812 812 812 812 812 812 812 812 812 812 812 812 812 812 812 812 812 812 812 812 812 812 812 812 812 812 812 812 812 812 1 
812 812 812 812 812 812 812 812 812 812 812 812 812 812 812 812 812 812 812 812 812 812 812 812 812 812 812 812 812 812 812 812 812 812 812 812 812 812 812 812 812 812 812 812 812 812 812 812 812 1 
812 812 812 812 812 812 812 812 812 812 812 812 812 812 812 812 812 812 812 812 812 812 812 812 812 812 812 812 812 812 812 812 812 812 812 812 812 812 812 812 812 812 812 812 812 812 812 812 812 1 
812 812 812 812 812 812 812 812 812 812 812 812 812 812 812 812 812 812 812 812 812 812 812 812 812 812 812 812 812 812 812 812 812 812 812 812 812 812 812 812 812 812 812 812 812 812 812 812 812 1 
812 812 812 812 812 812 812 812 812 812 812 812 812 812 812 812 812 812 812 812 812 812 812 812 812 812 812 812 812 812 812 812 812 812 812 812 812 812 812 812 812 812 812 812 812 812 812 812 812 1 
812 812 812 812 812 812 812 812 812 812 812 812 812 812 812 812 812 812 812 812 812 812 812 812 812 812 812 812 812 812 812 812 812 812 812 812 812 812 812 812 812 812 812 812 812 812 812 812 812 1 
812 812 812 812 812 812 812 812 812 812 812 812 812 812 812 812 812 812 812 812 812 812 812 812 812 812 812 812 812 812 812 812 812 812 812 812 812 812 812 812 812 812 812 812 812 812 812 812 812 1 
812 812 812 812 812 812 812 812 812 812 812 812 812 812 812 812 812 812 812 812 812 812 812 812 812 812 812 812 812 812 812 812 812 812 812 812 812 812 812 812 812 812 812 812 812 812 812 812 812 1 
812 812 812 812 812 812 812 812 812 812 812 812 812 812 812 812 812 812 812 812 812 812 812 812 812 812 812 812 812 812 812 812 812 812 812 812 812 812 812 812 812 812 812 812 812 812 812 812 812 1 
812 812 812 812 812 812 812 812 812 812 812 812 812 812 812 812 812 812 812 812 812 812 812 812 812 812 812 812 812 812 812 812 812 812 812 812 812 812 812 812 812 812 812 812 812 812 812 812 812 1 
812 812 812 812 812 812 812 812 812 812 812 812 812 812 812 812 812 812 812 812 812 812 812 812 812 812 812 812 812 812 812 812 812 812 812 812 812 812 812 812 812 812 812 812 812 812 812 812 812 1 
812 812 812 812 812 812 812 812 812 812 812 812 812 812 812 812 812 812 812 812 812 812 812 812 812 812 812 812 812 812 812 812 812 812 812 812 812 812 812 812 812 812 812 812 812 812 812 812 812 1 
812 812 812 812 812 812 812 812 812 812 812 812 812 812 812 812 812 812 812 812 812 812 812 812 812 812 812 812 812 812 812 812 812 812 812 812 812 812 812 812 812 812 812 812 812 812 812 812 812 1 
812 812 812 812 812 812 812 812 812 812 812 812 812 812 812 812 812 812 812 812 812 812 812 812 812 812 812 812 812 812 812 812 812 812 812 812 812 812 812 812 812 812 812 812 812 812 812 812 812 1 
812 812 812 812 812 812 812 812 812 812 812 812 812 812 812 812 812 812 812 812 812 812 812 812 812 812 812 812 812 812 812 812 812 812 812 812 812 812 812 812 812 812 812 812 812 812 812 812 812 1 
812 812 812 812 812 812 812 812 812 812 812 812 812 812 812 812 812 812 812 812 812 812 812 812 812 812 812 812 812 812 812 812 812 812 812 812 812 812 812 812 812 812 812 812 812 812 812 812 812 1 
812 812 812 812 812 812 812 812 812 812 812 812 812 812 812 812 812 812 812 812 812 812 812 812 812 812 812 812 812 812 812 812 812 812 812 812 812 812 812 812 812 812 812 812 812 812 812 812 812 1 
812 812 812 812 812 812 812 812 812 812 812 812 812 812 812 812 812 812 812 812 812 812 812 812 812 812 812 812 812 812 812 812 812 812 812 812 812 812 812 812 812 812 812 812 812 812 812 812 812 1 
812 812 812 812 812 812 812 812 812 812 812 812 812 812 812 812 812 812 812 812 812 812 812 812 812 812 812 812 812 812 812 812 812 812 812 812 812 812 812 812 812 812 812 812 812 812 812 812 812 1 
812 812 812 812 812 812 812 812 812 812 812 812 812 812 812 812 812 812 812 812 812 812 812 812 812 812 812 812 812 812 812 812 812 812 812 812 812 812 812 812 812 812 812 812 812 812 812 812 812 1 
812 812 812 812 812 812 812 812 812 812 812 812 812 812 812 812 812 812 812 812 812 812 812 812 812 812 812 812 812 812 812 812 812 812 812 812 812 812 812 812 812 812 812 812 812 812 812 812 812 1 
802 1 1 1 1 1 1 1 1 1 1 1 1 1 1 1 1 1 1 1 1 1 1 1 1 1 1 1 1 1 1 1 1 1 1 1 1 1 1 1 1 1 1 1 1 1 1 1 1 1 
Case #16: Impossible
Case #17: Possible
1 1 1 1 1 
142 142 142 142 1 
142 142 142 142 1 
132 1 1 1 1 
Case #18: Possible
31 1 1 1 1 1 1 1 1 1 1 1 1 1 1 1 1 1 1 1 1 1 1 1 1 1 1 1 1 1 1 1 1 1 1 1 1 1 1 1 1 1 1 1 1 1 1 1 1 1 
657 657 657 657 657 657 657 657 657 657 657 657 657 657 657 657 657 657 657 657 657 657 657 657 657 657 657 657 657 657 657 657 657 657 657 657 657 657 657 657 657 657 657 657 657 657 657 657 657 1 
657 657 657 657 657 657 657 657 657 657 657 657 657 657 657 657 657 657 657 657 657 657 657 657 657 657 657 657 657 657 657 657 657 657 657 657 657 657 657 657 657 657 657 657 657 657 657 657 657 1 
657 657 657 657 657 657 657 657 657 657 657 657 657 657 657 657 657 657 657 657 657 657 657 657 657 657 657 657 657 657 657 657 657 657 657 657 657 657 657 657 657 657 657 657 657 657 657 657 657 1 
657 657 657 657 657 657 657 657 657 657 657 657 657 657 657 657 657 657 657 657 657 657 657 657 657 657 657 657 657 657 657 657 657 657 657 657 657 657 657 657 657 657 657 657 657 657 657 657 657 1 
657 657 657 657 657 657 657 657 657 657 657 657 657 657 657 657 657 657 657 657 657 657 657 657 657 657 657 657 657 657 657 657 657 657 657 657 657 657 657 657 657 657 657 657 657 657 657 657 657 1 
657 657 657 657 657 657 657 657 657 657 657 657 657 657 657 657 657 657 657 657 657 657 657 657 657 657 657 657 657 657 657 657 657 657 657 657 657 657 657 657 657 657 657 657 657 657 657 657 657 1 
657 657 657 657 657 657 657 657 657 657 657 657 657 657 657 657 657 657 657 657 657 657 657 657 657 657 657 657 657 657 657 657 657 657 657 657 657 657 657 657 657 657 657 657 657 657 657 657 657 1 
657 657 657 657 657 657 657 657 657 657 657 657 657 657 657 657 657 657 657 657 657 657 657 657 657 657 657 657 657 657 657 657 657 657 657 657 657 657 657 657 657 657 657 657 657 657 657 657 657 1 
657 657 657 657 657 657 657 657 657 657 657 657 657 657 657 657 657 657 657 657 657 657 657 657 657 657 657 657 657 657 657 657 657 657 657 657 657 657 657 657 657 657 657 657 657 657 657 657 657 1 
657 657 657 657 657 657 657 657 657 657 657 657 657 657 657 657 657 657 657 657 657 657 657 657 657 657 657 657 657 657 657 657 657 657 657 657 657 657 657 657 657 657 657 657 657 657 657 657 657 1 
657 657 657 657 657 657 657 657 657 657 657 657 657 657 657 657 657 657 657 657 657 657 657 657 657 657 657 657 657 657 657 657 657 657 657 657 657 657 657 657 657 657 657 657 657 657 657 657 657 1 
657 657 657 657 657 657 657 657 657 657 657 657 657 657 657 657 657 657 657 657 657 657 657 657 657 657 657 657 657 657 657 657 657 657 657 657 657 657 657 657 657 657 657 657 657 657 657 657 657 1 
657 657 657 657 657 657 657 657 657 657 657 657 657 657 657 657 657 657 657 657 657 657 657 657 657 657 657 657 657 657 657 657 657 657 657 657 657 657 657 657 657 657 657 657 657 657 657 657 657 1 
657 657 657 657 657 657 657 657 657 657 657 657 657 657 657 657 657 657 657 657 657 657 657 657 657 657 657 657 657 657 657 657 657 657 657 657 657 657 657 657 657 657 657 657 657 657 657 657 657 1 
657 657 657 657 657 657 657 657 657 657 657 657 657 657 657 657 657 657 657 657 657 657 657 657 657 657 657 657 657 657 657 657 657 657 657 657 657 657 657 657 657 657 657 657 657 657 657 657 657 1 
657 657 657 657 657 657 657 657 657 657 657 657 657 657 657 657 657 657 657 657 657 657 657 657 657 657 657 657 657 657 657 657 657 657 657 657 657 657 657 657 657 657 657 657 657 657 657 657 657 1 
657 657 657 657 657 657 657 657 657 657 657 657 657 657 657 657 657 657 657 657 657 657 657 657 657 657 657 657 657 657 657 657 657 657 657 657 657 657 657 657 657 657 657 657 657 657 657 657 657 1 
657 657 657 657 657 657 657 657 657 657 657 657 657 657 657 657 657 657 657 657 657 657 657 657 657 657 657 657 657 657 657 657 657 657 657 657 657 657 657 657 657 657 657 657 657 657 657 657 657 1 
657 657 657 657 657 657 657 657 657 657 657 657 657 657 657 657 657 657 657 657 657 657 657 657 657 657 657 657 657 657 657 657 657 657 657 657 657 657 657 657 657 657 657 657 657 657 657 657 657 1 
657 657 657 657 657 657 657 657 657 657 657 657 657 657 657 657 657 657 657 657 657 657 657 657 657 657 657 657 657 657 657 657 657 657 657 657 657 657 657 657 657 657 657 657 657 657 657 657 657 1 
657 657 657 657 657 657 657 657 657 657 657 657 657 657 657 657 657 657 657 657 657 657 657 657 657 657 657 657 657 657 657 657 657 657 657 657 657 657 657 657 657 657 657 657 657 657 657 657 657 1 
657 657 657 657 657 657 657 657 657 657 657 657 657 657 657 657 657 657 657 657 657 657 657 657 657 657 657 657 657 657 657 657 657 657 657 657 657 657 657 657 657 657 657 657 657 657 657 657 657 1 
657 657 657 657 657 657 657 657 657 657 657 657 657 657 657 657 657 657 657 657 657 657 657 657 657 657 657 657 657 657 657 657 657 657 657 657 657 657 657 657 657 657 657 657 657 657 657 657 657 1 
657 657 657 657 657 657 657 657 657 657 657 657 657 657 657 657 657 657 657 657 657 657 657 657 657 657 657 657 657 657 657 657 657 657 657 657 657 657 657 657 657 657 657 657 657 657 657 657 657 1 
657 657 657 657 657 657 657 657 657 657 657 657 657 657 657 657 657 657 657 657 657 657 657 657 657 657 657 657 657 657 657 657 657 657 657 657 657 657 657 657 657 657 657 657 657 657 657 657 657 1 
657 657 657 657 657 657 657 657 657 657 657 657 657 657 657 657 657 657 657 657 657 657 657 657 657 657 657 657 657 657 657 657 657 657 657 657 657 657 657 657 657 657 657 657 657 657 657 657 657 1 
657 657 657 657 657 657 657 657 657 657 657 657 657 657 657 657 657 657 657 657 657 657 657 657 657 657 657 657 657 657 657 657 657 657 657 657 657 657 657 657 657 657 657 657 657 657 657 657 657 1 
657 657 657 657 657 657 657 657 657 657 657 657 657 657 657 657 657 657 657 657 657 657 657 657 657 657 657 657 657 657 657 657 657 657 657 657 657 657 657 657 657 657 657 657 657 657 657 657 657 1 
657 657 657 657 657 657 657 657 657 657 657 657 657 657 657 657 657 657 657 657 657 657 657 657 657 657 657 657 657 657 657 657 657 657 657 657 657 657 657 657 657 657 657 657 657 657 657 657 657 1 
657 657 657 657 657 657 657 657 657 657 657 657 657 657 657 657 657 657 657 657 657 657 657 657 657 657 657 657 657 657 657 657 657 657 657 657 657 657 657 657 657 657 657 657 657 657 657 657 657 1 
657 657 657 657 657 657 657 657 657 657 657 657 657 657 657 657 657 657 657 657 657 657 657 657 657 657 657 657 657 657 657 657 657 657 657 657 657 657 657 657 657 657 657 657 657 657 657 657 657 1 
657 657 657 657 657 657 657 657 657 657 657 657 657 657 657 657 657 657 657 657 657 657 657 657 657 657 657 657 657 657 657 657 657 657 657 657 657 657 657 657 657 657 657 657 657 657 657 657 657 1 
657 657 657 657 657 657 657 657 657 657 657 657 657 657 657 657 657 657 657 657 657 657 657 657 657 657 657 657 657 657 657 657 657 657 657 657 657 657 657 657 657 657 657 657 657 657 657 657 657 1 
657 657 657 657 657 657 657 657 657 657 657 657 657 657 657 657 657 657 657 657 657 657 657 657 657 657 657 657 657 657 657 657 657 657 657 657 657 657 657 657 657 657 657 657 657 657 657 657 657 1 
657 657 657 657 657 657 657 657 657 657 657 657 657 657 657 657 657 657 657 657 657 657 657 657 657 657 657 657 657 657 657 657 657 657 657 657 657 657 657 657 657 657 657 657 657 657 657 657 657 1 
657 657 657 657 657 657 657 657 657 657 657 657 657 657 657 657 657 657 657 657 657 657 657 657 657 657 657 657 657 657 657 657 657 657 657 657 657 657 657 657 657 657 657 657 657 657 657 657 657 1 
657 657 657 657 657 657 657 657 657 657 657 657 657 657 657 657 657 657 657 657 657 657 657 657 657 657 657 657 657 657 657 657 657 657 657 657 657 657 657 657 657 657 657 657 657 657 657 657 657 1 
657 657 657 657 657 657 657 657 657 657 657 657 657 657 657 657 657 657 657 657 657 657 657 657 657 657 657 657 657 657 657 657 657 657 657 657 657 657 657 657 657 657 657 657 657 657 657 657 657 1 
657 657 657 657 657 657 657 657 657 657 657 657 657 657 657 657 657 657 657 657 657 657 657 657 657 657 657 657 657 657 657 657 657 657 657 657 657 657 657 657 657 657 657 657 657 657 657 657 657 1 
657 657 657 657 657 657 657 657 657 657 657 657 657 657 657 657 657 657 657 657 657 657 657 657 657 657 657 657 657 657 657 657 657 657 657 657 657 657 657 657 657 657 657 657 657 657 657 657 657 1 
657 657 657 657 657 657 657 657 657 657 657 657 657 657 657 657 657 657 657 657 657 657 657 657 657 657 657 657 657 657 657 657 657 657 657 657 657 657 657 657 657 657 657 657 657 657 657 657 657 1 
657 657 657 657 657 657 657 657 657 657 657 657 657 657 657 657 657 657 657 657 657 657 657 657 657 657 657 657 657 657 657 657 657 657 657 657 657 657 657 657 657 657 657 657 657 657 657 657 657 1 
657 657 657 657 657 657 657 657 657 657 657 657 657 657 657 657 657 657 657 657 657 657 657 657 657 657 657 657 657 657 657 657 657 657 657 657 657 657 657 657 657 657 657 657 657 657 657 657 657 1 
657 657 657 657 657 657 657 657 657 657 657 657 657 657 657 657 657 657 657 657 657 657 657 657 657 657 657 657 657 657 657 657 657 657 657 657 657 657 657 657 657 657 657 657 657 657 657 657 657 1 
657 657 657 657 657 657 657 657 657 657 657 657 657 657 657 657 657 657 657 657 657 657 657 657 657 657 657 657 657 657 657 657 657 657 657 657 657 657 657 657 657 657 657 657 657 657 657 657 657 1 
657 657 657 657 657 657 657 657 657 657 657 657 657 657 657 657 657 657 657 657 657 657 657 657 657 657 657 657 657 657 657 657 657 657 657 657 657 657 657 657 657 657 657 657 657 657 657 657 657 1 
657 657 657 657 657 657 657 657 657 657 657 657 657 657 657 657 657 657 657 657 657 657 657 657 657 657 657 657 657 657 657 657 657 657 657 657 657 657 657 657 657 657 657 657 657 657 657 657 657 1 
657 657 657 657 657 657 657 657 657 657 657 657 657 657 657 657 657 657 657 657 657 657 657 657 657 657 657 657 657 657 657 657 657 657 657 657 657 657 657 657 657 657 657 657 657 657 657 657 657 1 
647 1 1 1 1 1 1 1 1 1 1 1 1 1 1 1 1 1 1 1 1 1 1 1 1 1 1 1 1 1 1 1 1 1 1 1 1 1 1 1 1 1 1 1 1 1 1 1 1 1 
Case #19: Possible
136 1 1 1 
530 530 530 1 
530 530 530 1 
530 530 530 1 
530 530 530 1 
520 1 1 1 
Case #20: Possible
396 1 1 1 1 1 1 1 1 1 1 
406 406 406 406 406 406 406 406 406 406 1 
406 406 406 406 406 406 406 406 406 406 1 
406 406 406 406 406 406 406 406 406 406 1 
406 406 406 406 406 406 406 406 406 406 1 
406 406 406 406 406 406 406 406 406 406 1 
406 406 406 406 406 406 406 406 406 406 1 
406 406 406 406 406 406 406 406 406 406 1 
406 406 406 406 406 406 406 406 406 406 1 
406 406 406 406 406 406 406 406 406 406 1 
406 406 406 406 406 406 406 406 406 406 1 
406 406 406 406 406 406 406 406 406 406 1 
107 1 1 1 1 1 1 1 1 1 1 
Case #21: Impossible
Case #22: Possible
213 1 1 1 1 1 1 1 1 1 1 1 1 1 1 1 1 1 1 1 1 1 1 1 1 1 1 1 1 1 1 1 1 1 1 1 1 1 1 1 1 1 1 1 1 1 1 1 
223 223 223 223 223 223 223 223 223 223 223 223 223 223 223 223 223 223 223 223 223 223 223 223 223 223 223 223 223 223 223 223 223 223 223 223 223 223 223 223 223 223 223 223 223 223 223 1 
223 223 223 223 223 223 223 223 223 223 223 223 223 223 223 223 223 223 223 223 223 223 223 223 223 223 223 223 223 223 223 223 223 223 223 223 223 223 223 223 223 223 223 223 223 223 223 1 
223 223 223 223 223 223 223 223 223 223 223 223 223 223 223 223 223 223 223 223 223 223 223 223 223 223 223 223 223 223 223 223 223 223 223 223 223 223 223 223 223 223 223 223 223 223 223 1 
223 223 223 223 223 223 223 223 223 223 223 223 223 223 223 223 223 223 223 223 223 223 223 223 223 223 223 223 223 223 223 223 223 223 223 223 223 223 223 223 223 223 223 223 223 223 223 1 
223 223 223 223 223 223 223 223 223 223 223 223 223 223 223 223 223 223 223 223 223 223 223 223 223 223 223 223 223 223 223 223 223 223 223 223 223 223 223 223 223 223 223 223 223 223 223 1 
223 223 223 223 223 223 223 223 223 223 223 223 223 223 223 223 223 223 223 223 223 223 223 223 223 223 223 223 223 223 223 223 223 223 223 223 223 223 223 223 223 223 223 223 223 223 223 1 
223 223 223 223 223 223 223 223 223 223 223 223 223 223 223 223 223 223 223 223 223 223 223 223 223 223 223 223 223 223 223 223 223 223 223 223 223 223 223 223 223 223 223 223 223 223 223 1 
223 223 223 223 223 223 223 223 223 223 223 223 223 223 223 223 223 223 223 223 223 223 223 223 223 223 223 223 223 223 223 223 223 223 223 223 223 223 223 223 223 223 223 223 223 223 223 1 
223 223 223 223 223 223 223 223 223 223 223 223 223 223 223 223 223 223 223 223 223 223 223 223 223 223 223 223 223 223 223 223 223 223 223 223 223 223 223 223 223 223 223 223 223 223 223 1 
223 223 223 223 223 223 223 223 223 223 223 223 223 223 223 223 223 223 223 223 223 223 223 223 223 223 223 223 223 223 223 223 223 223 223 223 223 223 223 223 223 223 223 223 223 223 223 1 
223 223 223 223 223 223 223 223 223 223 223 223 223 223 223 223 223 223 223 223 223 223 223 223 223 223 223 223 223 223 223 223 223 223 223 223 223 223 223 223 223 223 223 223 223 223 223 1 
223 223 223 223 223 223 223 223 223 223 223 223 223 223 223 223 223 223 223 223 223 223 223 223 223 223 223 223 223 223 223 223 223 223 223 223 223 223 223 223 223 223 223 223 223 223 223 1 
223 223 223 223 223 223 223 223 223 223 223 223 223 223 223 223 223 223 223 223 223 223 223 223 223 223 223 223 223 223 223 223 223 223 223 223 223 223 223 223 223 223 223 223 223 223 223 1 
223 223 223 223 223 223 223 223 223 223 223 223 223 223 223 223 223 223 223 223 223 223 223 223 223 223 223 223 223 223 223 223 223 223 223 223 223 223 223 223 223 223 223 223 223 223 223 1 
223 223 223 223 223 223 223 223 223 223 223 223 223 223 223 223 223 223 223 223 223 223 223 223 223 223 223 223 223 223 223 223 223 223 223 223 223 223 223 223 223 223 223 223 223 223 223 1 
223 223 223 223 223 223 223 223 223 223 223 223 223 223 223 223 223 223 223 223 223 223 223 223 223 223 223 223 223 223 223 223 223 223 223 223 223 223 223 223 223 223 223 223 223 223 223 1 
223 223 223 223 223 223 223 223 223 223 223 223 223 223 223 223 223 223 223 223 223 223 223 223 223 223 223 223 223 223 223 223 223 223 223 223 223 223 223 223 223 223 223 223 223 223 223 1 
223 223 223 223 223 223 223 223 223 223 223 223 223 223 223 223 223 223 223 223 223 223 223 223 223 223 223 223 223 223 223 223 223 223 223 223 223 223 223 223 223 223 223 223 223 223 223 1 
223 223 223 223 223 223 223 223 223 223 223 223 223 223 223 223 223 223 223 223 223 223 223 223 223 223 223 223 223 223 223 223 223 223 223 223 223 223 223 223 223 223 223 223 223 223 223 1 
223 223 223 223 223 223 223 223 223 223 223 223 223 223 223 223 223 223 223 223 223 223 223 223 223 223 223 223 223 223 223 223 223 223 223 223 223 223 223 223 223 223 223 223 223 223 223 1 
223 223 223 223 223 223 223 223 223 223 223 223 223 223 223 223 223 223 223 223 223 223 223 223 223 223 223 223 223 223 223 223 223 223 223 223 223 223 223 223 223 223 223 223 223 223 223 1 
223 223 223 223 223 223 223 223 223 223 223 223 223 223 223 223 223 223 223 223 223 223 223 223 223 223 223 223 223 223 223 223 223 223 223 223 223 223 223 223 223 223 223 223 223 223 223 1 
223 223 223 223 223 223 223 223 223 223 223 223 223 223 223 223 223 223 223 223 223 223 223 223 223 223 223 223 223 223 223 223 223 223 223 223 223 223 223 223 223 223 223 223 223 223 223 1 
223 223 223 223 223 223 223 223 223 223 223 223 223 223 223 223 223 223 223 223 223 223 223 223 223 223 223 223 223 223 223 223 223 223 223 223 223 223 223 223 223 223 223 223 223 223 223 1 
223 223 223 223 223 223 223 223 223 223 223 223 223 223 223 223 223 223 223 223 223 223 223 223 223 223 223 223 223 223 223 223 223 223 223 223 223 223 223 223 223 223 223 223 223 223 223 1 
223 223 223 223 223 223 223 223 223 223 223 223 223 223 223 223 223 223 223 223 223 223 223 223 223 223 223 223 223 223 223 223 223 223 223 223 223 223 223 223 223 223 223 223 223 223 223 1 
223 223 223 223 223 223 223 223 223 223 223 223 223 223 223 223 223 223 223 223 223 223 223 223 223 223 223 223 223 223 223 223 223 223 223 223 223 223 223 223 223 223 223 223 223 223 223 1 
223 223 223 223 223 223 223 223 223 223 223 223 223 223 223 223 223 223 223 223 223 223 223 223 223 223 223 223 223 223 223 223 223 223 223 223 223 223 223 223 223 223 223 223 223 223 223 1 
223 223 223 223 223 223 223 223 223 223 223 223 223 223 223 223 223 223 223 223 223 223 223 223 223 223 223 223 223 223 223 223 223 223 223 223 223 223 223 223 223 223 223 223 223 223 223 1 
223 223 223 223 223 223 223 223 223 223 223 223 223 223 223 223 223 223 223 223 223 223 223 223 223 223 223 223 223 223 223 223 223 223 223 223 223 223 223 223 223 223 223 223 223 223 223 1 
223 223 223 223 223 223 223 223 223 223 223 223 223 223 223 223 223 223 223 223 223 223 223 223 223 223 223 223 223 223 223 223 223 223 223 223 223 223 223 223 223 223 223 223 223 223 223 1 
223 223 223 223 223 223 223 223 223 223 223 223 223 223 223 223 223 223 223 223 223 223 223 223 223 223 223 223 223 223 223 223 223 223 223 223 223 223 223 223 223 223 223 223 223 223 223 1 
223 223 223 223 223 223 223 223 223 223 223 223 223 223 223 223 223 223 223 223 223 223 223 223 223 223 223 223 223 223 223 223 223 223 223 223 223 223 223 223 223 223 223 223 223 223 223 1 
223 223 223 223 223 223 223 223 223 223 223 223 223 223 223 223 223 223 223 223 223 223 223 223 223 223 223 223 223 223 223 223 223 223 223 223 223 223 223 223 223 223 223 223 223 223 223 1 
223 223 223 223 223 223 223 223 223 223 223 223 223 223 223 223 223 223 223 223 223 223 223 223 223 223 223 223 223 223 223 223 223 223 223 223 223 223 223 223 223 223 223 223 223 223 223 1 
223 223 223 223 223 223 223 223 223 223 223 223 223 223 223 223 223 223 223 223 223 223 223 223 223 223 223 223 223 223 223 223 223 223 223 223 223 223 223 223 223 223 223 223 223 223 223 1 
223 223 223 223 223 223 223 223 223 223 223 223 223 223 223 223 223 223 223 223 223 223 223 223 223 223 223 223 223 223 223 223 223 223 223 223 223 223 223 223 223 223 223 223 223 223 223 1 
223 223 223 223 223 223 223 223 223 223 223 223 223 223 223 223 223 223 223 223 223 223 223 223 223 223 223 223 223 223 223 223 223 223 223 223 223 223 223 223 223 223 223 223 223 223 223 1 
223 223 223 223 223 223 223 223 223 223 223 223 223 223 223 223 223 223 223 223 223 223 223 223 223 223 223 223 223 223 223 223 223 223 223 223 223 223 223 223 223 223 223 223 223 223 223 1 
223 223 223 223 223 223 223 223 223 223 223 223 223 223 223 223 223 223 223 223 223 223 223 223 223 223 223 223 223 223 223 223 223 223 223 223 223 223 223 223 223 223 223 223 223 223 223 1 
223 223 223 223 223 223 223 223 223 223 223 223 223 223 223 223 223 223 223 223 223 223 223 223 223 223 223 223 223 223 223 223 223 223 223 223 223 223 223 223 223 223 223 223 223 223 223 1 
223 223 223 223 223 223 223 223 223 223 223 223 223 223 223 223 223 223 223 223 223 223 223 223 223 223 223 223 223 223 223 223 223 223 223 223 223 223 223 223 223 223 223 223 223 223 223 1 
223 223 223 223 223 223 223 223 223 223 223 223 223 223 223 223 223 223 223 223 223 223 223 223 223 223 223 223 223 223 223 223 223 223 223 223 223 223 223 223 223 223 223 223 223 223 223 1 
223 223 223 223 223 223 223 223 223 223 223 223 223 223 223 223 223 223 223 223 223 223 223 223 223 223 223 223 223 223 223 223 223 223 223 223 223 223 223 223 223 223 223 223 223 223 223 1 
37 1 1 1 1 1 1 1 1 1 1 1 1 1 1 1 1 1 1 1 1 1 1 1 1 1 1 1 1 1 1 1 1 1 1 1 1 1 1 1 1 1 1 1 1 1 1 1 
Case #23: Impossible
Case #24: Possible
1 1 1 
11 11 1 
11 11 1 
1 1 1 
Case #25: Possible
102 1 1 1 1 1 1 1 1 1 1 1 1 1 1 1 1 1 1 1 1 1 1 1 1 1 
112 112 112 112 112 112 112 112 112 112 112 112 112 112 112 112 112 112 112 112 112 112 112 112 112 1 
112 112 112 112 112 112 112 112 112 112 112 112 112 112 112 112 112 112 112 112 112 112 112 112 112 1 
112 112 112 112 112 112 112 112 112 112 112 112 112 112 112 112 112 112 112 112 112 112 112 112 112 1 
112 112 112 112 112 112 112 112 112 112 112 112 112 112 112 112 112 112 112 112 112 112 112 112 112 1 
112 112 112 112 112 112 112 112 112 112 112 112 112 112 112 112 112 112 112 112 112 112 112 112 112 1 
112 112 112 112 112 112 112 112 112 112 112 112 112 112 112 112 112 112 112 112 112 112 112 112 112 1 
112 112 112 112 112 112 112 112 112 112 112 112 112 112 112 112 112 112 112 112 112 112 112 112 112 1 
112 112 112 112 112 112 112 112 112 112 112 112 112 112 112 112 112 112 112 112 112 112 112 112 112 1 
112 112 112 112 112 112 112 112 112 112 112 112 112 112 112 112 112 112 112 112 112 112 112 112 112 1 
112 112 112 112 112 112 112 112 112 112 112 112 112 112 112 112 112 112 112 112 112 112 112 112 112 1 
112 112 112 112 112 112 112 112 112 112 112 112 112 112 112 112 112 112 112 112 112 112 112 112 112 1 
112 112 112 112 112 112 112 112 112 112 112 112 112 112 112 112 112 112 112 112 112 112 112 112 112 1 
112 112 112 112 112 112 112 112 112 112 112 112 112 112 112 112 112 112 112 112 112 112 112 112 112 1 
112 112 112 112 112 112 112 112 112 112 112 112 112 112 112 112 112 112 112 112 112 112 112 112 112 1 
112 112 112 112 112 112 112 112 112 112 112 112 112 112 112 112 112 112 112 112 112 112 112 112 112 1 
112 112 112 112 112 112 112 112 112 112 112 112 112 112 112 112 112 112 112 112 112 112 112 112 112 1 
112 112 112 112 112 112 112 112 112 112 112 112 112 112 112 112 112 112 112 112 112 112 112 112 112 1 
112 112 112 112 112 112 112 112 112 112 112 112 112 112 112 112 112 112 112 112 112 112 112 112 112 1 
112 112 112 112 112 112 112 112 112 112 112 112 112 112 112 112 112 112 112 112 112 112 112 112 112 1 
112 112 112 112 112 112 112 112 112 112 112 112 112 112 112 112 112 112 112 112 112 112 112 112 112 1 
112 112 112 112 112 112 112 112 112 112 112 112 112 112 112 112 112 112 112 112 112 112 112 112 112 1 
112 112 112 112 112 112 112 112 112 112 112 112 112 112 112 112 112 112 112 112 112 112 112 112 112 1 
112 112 112 112 112 112 112 112 112 112 112 112 112 112 112 112 112 112 112 112 112 112 112 112 112 1 
112 112 112 112 112 112 112 112 112 112 112 112 112 112 112 112 112 112 112 112 112 112 112 112 112 1 
112 112 112 112 112 112 112 112 112 112 112 112 112 112 112 112 112 112 112 112 112 112 112 112 112 1 
112 112 112 112 112 112 112 112 112 112 112 112 112 112 112 112 112 112 112 112 112 112 112 112 112 1 
112 112 112 112 112 112 112 112 112 112 112 112 112 112 112 112 112 112 112 112 112 112 112 112 112 1 
112 112 112 112 112 112 112 112 112 112 112 112 112 112 112 112 112 112 112 112 112 112 112 112 112 1 
112 112 112 112 112 112 112 112 112 112 112 112 112 112 112 112 112 112 112 112 112 112 112 112 112 1 
112 112 112 112 112 112 112 112 112 112 112 112 112 112 112 112 112 112 112 112 112 112 112 112 112 1 
112 112 112 112 112 112 112 112 112 112 112 112 112 112 112 112 112 112 112 112 112 112 112 112 112 1 
112 112 112 112 112 112 112 112 112 112 112 112 112 112 112 112 112 112 112 112 112 112 112 112 112 1 
112 112 112 112 112 112 112 112 112 112 112 112 112 112 112 112 112 112 112 112 112 112 112 112 112 1 
54 1 1 1 1 1 1 1 1 1 1 1 1 1 1 1 1 1 1 1 1 1 1 1 1 1 
Case #26: Possible
53 1 1 
440 440 1 
440 440 1 
430 1 1 
Case #27: Impossible
Case #28: Possible
158 1 1 1 1 1 1 1 1 1 1 1 1 
392 392 392 392 392 392 392 392 392 392 392 392 1 
392 392 392 392 392 392 392 392 392 392 392 392 1 
392 392 392 392 392 392 392 392 392 392 392 392 1 
392 392 392 392 392 392 392 392 392 392 392 392 1 
392 392 392 392 392 392 392 392 392 392 392 392 1 
392 392 392 392 392 392 392 392 392 392 392 392 1 
392 392 392 392 392 392 392 392 392 392 392 392 1 
392 392 392 392 392 392 392 392 392 392 392 392 1 
392 392 392 392 392 392 392 392 392 392 392 392 1 
382 1 1 1 1 1 1 1 1 1 1 1 1 
Case #29: Possible
998 1 
1 1 
Case #30: Impossible
Case #31: Possible
46 1 1 1 1 1 1 1 
65 65 65 65 65 65 65 1 
65 65 65 65 65 65 65 1 
65 65 65 65 65 65 65 1 
65 65 65 65 65 65 65 1 
65 65 65 65 65 65 65 1 
65 65 65 65 65 65 65 1 
65 65 65 65 65 65 65 1 
65 65 65 65 65 65 65 1 
65 65 65 65 65 65 65 1 
65 65 65 65 65 65 65 1 
65 65 65 65 65 65 65 1 
65 65 65 65 65 65 65 1 
65 65 65 65 65 65 65 1 
65 65 65 65 65 65 65 1 
65 65 65 65 65 65 65 1 
65 65 65 65 65 65 65 1 
65 65 65 65 65 65 65 1 
65 65 65 65 65 65 65 1 
65 65 65 65 65 65 65 1 
65 65 65 65 65 65 65 1 
65 65 65 65 65 65 65 1 
65 65 65 65 65 65 65 1 
65 65 65 65 65 65 65 1 
65 65 65 65 65 65 65 1 
65 65 65 65 65 65 65 1 
65 65 65 65 65 65 65 1 
65 65 65 65 65 65 65 1 
65 65 65 65 65 65 65 1 
65 65 65 65 65 65 65 1 
65 65 65 65 65 65 65 1 
65 65 65 65 65 65 65 1 
65 65 65 65 65 65 65 1 
55 1 1 1 1 1 1 1 
Case #32: Impossible
Case #33: Possible
20 1 
460 1 
460 1 
460 1 
460 1 
460 1 
460 1 
460 1 
460 1 
460 1 
460 1 
460 1 
460 1 
460 1 
460 1 
460 1 
460 1 
460 1 
460 1 
460 1 
460 1 
460 1 
460 1 
460 1 
460 1 
460 1 
460 1 
460 1 
460 1 
460 1 
460 1 
460 1 
460 1 
460 1 
460 1 
460 1 
460 1 
460 1 
460 1 
460 1 
460 1 
460 1 
460 1 
460 1 
460 1 
460 1 
460 1 
460 1 
460 1 
450 1 
Case #34: Possible
9 1 1 
8 1 1 
Case #35: Impossible
Case #36: Possible
749 1 1 1 1 1 1 1 1 1 1 1 1 1 1 1 1 1 1 1 1 1 1 1 1 1 1 1 1 1 1 1 1 1 1 1 1 1 1 1 1 1 1 1 1 1 1 1 1 1 
759 759 759 759 759 759 759 759 759 759 759 759 759 759 759 759 759 759 759 759 759 759 759 759 759 759 759 759 759 759 759 759 759 759 759 759 759 759 759 759 759 759 759 759 759 759 759 759 759 1 
759 759 759 759 759 759 759 759 759 759 759 759 759 759 759 759 759 759 759 759 759 759 759 759 759 759 759 759 759 759 759 759 759 759 759 759 759 759 759 759 759 759 759 759 759 759 759 759 759 1 
759 759 759 759 759 759 759 759 759 759 759 759 759 759 759 759 759 759 759 759 759 759 759 759 759 759 759 759 759 759 759 759 759 759 759 759 759 759 759 759 759 759 759 759 759 759 759 759 759 1 
759 759 759 759 759 759 759 759 759 759 759 759 759 759 759 759 759 759 759 759 759 759 759 759 759 759 759 759 759 759 759 759 759 759 759 759 759 759 759 759 759 759 759 759 759 759 759 759 759 1 
38 1 1 1 1 1 1 1 1 1 1 1 1 1 1 1 1 1 1 1 1 1 1 1 1 1 1 1 1 1 1 1 1 1 1 1 1 1 1 1 1 1 1 1 1 1 1 1 1 1 
Case #37: Impossible
Case #38: Possible
109 1 1 1 1 
119 119 119 119 1 
119 119 119 119 1 
119 119 119 119 1 
119 119 119 119 1 
119 119 119 119 1 
119 119 119 119 1 
108 1 1 1 1 
Case #39: Possible
154 1 1 1 1 1 1 1 1 1 1 1 1 1 1 1 1 1 1 1 1 1 
164 164 164 164 164 164 164 164 164 164 164 164 164 164 164 164 164 164 164 164 164 1 
164 164 164 164 164 164 164 164 164 164 164 164 164 164 164 164 164 164 164 164 164 1 
164 164 164 164 164 164 164 164 164 164 164 164 164 164 164 164 164 164 164 164 164 1 
164 164 164 164 164 164 164 164 164 164 164 164 164 164 164 164 164 164 164 164 164 1 
164 164 164 164 164 164 164 164 164 164 164 164 164 164 164 164 164 164 164 164 164 1 
164 164 164 164 164 164 164 164 164 164 164 164 164 164 164 164 164 164 164 164 164 1 
164 164 164 164 164 164 164 164 164 164 164 164 164 164 164 164 164 164 164 164 164 1 
164 164 164 164 164 164 164 164 164 164 164 164 164 164 164 164 164 164 164 164 164 1 
164 164 164 164 164 164 164 164 164 164 164 164 164 164 164 164 164 164 164 164 164 1 
164 164 164 164 164 164 164 164 164 164 164 164 164 164 164 164 164 164 164 164 164 1 
164 164 164 164 164 164 164 164 164 164 164 164 164 164 164 164 164 164 164 164 164 1 
164 164 164 164 164 164 164 164 164 164 164 164 164 164 164 164 164 164 164 164 164 1 
164 164 164 164 164 164 164 164 164 164 164 164 164 164 164 164 164 164 164 164 164 1 
164 164 164 164 164 164 164 164 164 164 164 164 164 164 164 164 164 164 164 164 164 1 
164 164 164 164 164 164 164 164 164 164 164 164 164 164 164 164 164 164 164 164 164 1 
164 164 164 164 164 164 164 164 164 164 164 164 164 164 164 164 164 164 164 164 164 1 
164 164 164 164 164 164 164 164 164 164 164 164 164 164 164 164 164 164 164 164 164 1 
164 164 164 164 164 164 164 164 164 164 164 164 164 164 164 164 164 164 164 164 164 1 
164 164 164 164 164 164 164 164 164 164 164 164 164 164 164 164 164 164 164 164 164 1 
164 164 164 164 164 164 164 164 164 164 164 164 164 164 164 164 164 164 164 164 164 1 
164 164 164 164 164 164 164 164 164 164 164 164 164 164 164 164 164 164 164 164 164 1 
164 164 164 164 164 164 164 164 164 164 164 164 164 164 164 164 164 164 164 164 164 1 
164 164 164 164 164 164 164 164 164 164 164 164 164 164 164 164 164 164 164 164 164 1 
164 164 164 164 164 164 164 164 164 164 164 164 164 164 164 164 164 164 164 164 164 1 
164 164 164 164 164 164 164 164 164 164 164 164 164 164 164 164 164 164 164 164 164 1 
164 164 164 164 164 164 164 164 164 164 164 164 164 164 164 164 164 164 164 164 164 1 
164 164 164 164 164 164 164 164 164 164 164 164 164 164 164 164 164 164 164 164 164 1 
164 164 164 164 164 164 164 164 164 164 164 164 164 164 164 164 164 164 164 164 164 1 
164 164 164 164 164 164 164 164 164 164 164 164 164 164 164 164 164 164 164 164 164 1 
164 164 164 164 164 164 164 164 164 164 164 164 164 164 164 164 164 164 164 164 164 1 
164 164 164 164 164 164 164 164 164 164 164 164 164 164 164 164 164 164 164 164 164 1 
164 164 164 164 164 164 164 164 164 164 164 164 164 164 164 164 164 164 164 164 164 1 
164 164 164 164 164 164 164 164 164 164 164 164 164 164 164 164 164 164 164 164 164 1 
164 164 164 164 164 164 164 164 164 164 164 164 164 164 164 164 164 164 164 164 164 1 
164 164 164 164 164 164 164 164 164 164 164 164 164 164 164 164 164 164 164 164 164 1 
164 164 164 164 164 164 164 164 164 164 164 164 164 164 164 164 164 164 164 164 164 1 
164 164 164 164 164 164 164 164 164 164 164 164 164 164 164 164 164 164 164 164 164 1 
164 164 164 164 164 164 164 164 164 164 164 164 164 164 164 164 164 164 164 164 164 1 
164 164 164 164 164 164 164 164 164 164 164 164 164 164 164 164 164 164 164 164 164 1 
164 164 164 164 164 164 164 164 164 164 164 164 164 164 164 164 164 164 164 164 164 1 
164 164 164 164 164 164 164 164 164 164 164 164 164 164 164 164 164 164 164 164 164 1 
164 164 164 164 164 164 164 164 164 164 164 164 164 164 164 164 164 164 164 164 164 1 
164 164 164 164 164 164 164 164 164 164 164 164 164 164 164 164 164 164 164 164 164 1 
164 164 164 164 164 164 164 164 164 164 164 164 164 164 164 164 164 164 164 164 164 1 
164 164 164 164 164 164 164 164 164 164 164 164 164 164 164 164 164 164 164 164 164 1 
164 164 164 164 164 164 164 164 164 164 164 164 164 164 164 164 164 164 164 164 164 1 
47 1 1 1 1 1 1 1 1 1 1 1 1 1 1 1 1 1 1 1 1 1 
Case #40: Possible
145 1 1 1 1 1 1 1 1 1 1 1 1 1 
278 278 278 278 278 278 278 278 278 278 278 278 278 1 
278 278 278 278 278 278 278 278 278 278 278 278 278 1 
278 278 278 278 278 278 278 278 278 278 278 278 278 1 
278 278 278 278 278 278 278 278 278 278 278 278 278 1 
278 278 278 278 278 278 278 278 278 278 278 278 278 1 
278 278 278 278 278 278 278 278 278 278 278 278 278 1 
278 278 278 278 278 278 278 278 278 278 278 278 278 1 
278 278 278 278 278 278 278 278 278 278 278 278 278 1 
278 278 278 278 278 278 278 278 278 278 278 278 278 1 
278 278 278 278 278 278 278 278 278 278 278 278 278 1 
268 1 1 1 1 1 1 1 1 1 1 1 1 1 
